0 0 36 75 25
-10000 0
-9600 2800
-9600 -2800
-9360 3520
-9360 -3520
-8432 5376
-8432 -5376
-8000 6000
-8000 -6000
-6000 8000
-6000 -8000
-5376 8432
-5376 -8432
-3520 9360
-3520 -9360
-2800 9600
-2800 -9600
0 10000
0 -10000
2800 9600
2800 -9600
3520 9360
3520 -9360
5376 8432
5376 -8432
6000 8000
6000 -8000
8000 6000
8000 -6000
8432 5376
8432 -5376
9360 3520
9360 -3520
9600 2800
9600 -2800
10000 0
-6000 -8000
-1384 -1761
10000 0
-8038 -3344
-9492 2814
-9648 -5351
2138 -2523
-9360 3520
-6530 7282
-5214 3838
814 -2242
2366 1219
-8000 6000
9600 2800
3520 -9360
2954 9480
2800 9600
-4271 8661
-1442 -9962
-9600 -2800
-5376 8432
3745 -6689
2800 -9600
-2800 -9600
404 9591
5376 8432
8432 -5376
-8922 6759
9274 4971
-3520 9360
-7404 5628
4672 -5056
6439 -5781
-8846 6766
3252 8345
8000 6000
4378 7046
-10000 0
-252 -4948
7274 2153
9600 -2800
-8796 -8131
-4334 5806
-812 2904
-5376 -8432
9129 8778
4006 4969
3580 9405
-3520 -9360
-5722 856
-4921 -9188
-977 -485
32 -8324
9360 3520
-2329 1069
6344 538
-8000 -6000
7609 7166
-9360 -3520
-934 -2849
-1433 8197
-2610 -8670
6776 -1412
9893 -1848
8000 -6000
2251 4752
9951 -3935
8432 5376
-5662 -65
-1968 -4843
-8432 5376
-245 -1811
9360 -3520
-6011 8908
1687 -1031
